step,train_step_loss,train_acc,train_loss,val_acc,val_loss,alignment_reward,avg_intra_expert_coherence,expert_diversity_e0,expert_diversity_e1,expert_diversity_e2,expert_diversity_e3,expert_diversity_mean,expert_purity_e0,expert_purity_e1,expert_purity_e2,expert_purity_e3,expert_purity_mean,inter_expert_similarity,inter_expert_similarity_e0_e0,inter_expert_similarity_e0_e1,inter_expert_similarity_e0_e2,inter_expert_similarity_e0_e3,inter_expert_similarity_e1_e0,inter_expert_similarity_e1_e1,inter_expert_similarity_e1_e2,inter_expert_similarity_e1_e3,inter_expert_similarity_e2_e0,inter_expert_similarity_e2_e1,inter_expert_similarity_e2_e2,inter_expert_similarity_e2_e3,inter_expert_similarity_e3_e0,inter_expert_similarity_e3_e1,inter_expert_similarity_e3_e2,inter_expert_similarity_e3_e3,intra_expert_coherence_e0,intra_expert_coherence_e1,intra_expert_coherence_e2,intra_expert_coherence_e3,l_conflict,l_conflict_e0,l_conflict_e1,l_conflict_e2,l_conflict_e3,load_cv,load_max_min_ratio,overall_task_conflict_cos,router_conflict_grad_l2,router_entropy,router_load_e0,router_load_e1,router_load_e2,router_load_e3,task_acc__glue_sst2,task_conflict_t0_t0,task_grad_norm_cv,task_loss__glue_sst2,utilization_ratio
50.0,0.5801538527011871,0.8898456057007126,0.3068903825840871,0.8956422018348624,0.2953022046522661,0.09238429367542267,1.0,0.0,0.0,0.0,0.0,0.0,1.0,1.0,1.0,1.0,1.0,-0.0023366262795697507,1.0,0.0,0.0,0.0,0.0,1.0,-0.47403939207761336,0.2762990372102657,0.0,-0.47403939207761336,1.0,0.18372059718992914,0.0,0.2762990372102657,0.18372059718992914,1.0,1.0,1.0,1.0,1.0,-0.09238429367542267,-0.0,-0.04035396873950958,-0.02157783694565296,-0.030452489852905273,0.8150590658187866,475.5874295140079,1.0,0.0,0.6517323802370544,0.0009699901565909386,0.44017452001571655,0.09754036366939545,0.4613151252269745,0.8956422018348624,1.0,0.0,0.2953022046522661,0.5
100.0,0.2729540690779686,0.8922209026128266,0.2922922549050328,0.8956422018348624,0.2921926770359278,0.018513401970267296,1.0,0.0,0.0,0.0,0.0,0.0,1.0,1.0,1.0,1.0,1.0,-0.058878921439100305,1.0,-0.02568027823370793,0.3890911173449627,-0.2686545503906594,-0.02568027823370793,1.0,-0.23260585610919507,-0.09293834684030298,0.3890911173449627,-0.23260585610919507,1.0,-0.12248561440569916,-0.2686545503906594,-0.09293834684030298,-0.12248561440569916,1.0,1.0,1.0,1.0,1.0,-0.018513401970267296,-0.0,-0.0049672420136630535,-0.003955732565373182,-0.009590426459908485,0.7244976594744718,6.701451512415677,1.0,0.0,0.596727022884089,0.07172098755836487,0.397139310836792,0.06896617263555527,0.4621734619140625,0.8956422018348624,1.0,0.0,0.2921926770359278,0.5
150.0,0.24674513190984726,0.9094418052256532,0.2587831410863647,0.9048165137614679,0.26493922681971027,0.023856138810515404,1.0,0.0,0.0,0.0,0.0,0.0,1.0,1.0,1.0,1.0,1.0,-0.24463735961461353,1.0,-0.5362906863232625,-0.15670773232937976,-0.6123618312486314,-0.5362906863232625,1.0,-0.25530202464141705,0.21685973731895952,-0.15670773232937976,-0.25530202464141705,1.0,-0.12402162046394984,-0.6123618312486314,0.21685973731895952,-0.12402162046394984,1.0,1.0,1.0,1.0,1.0,-0.023856138810515404,-0.0037382165901362896,-0.012355469167232513,-0.0032568147871643305,-0.004505638033151627,0.7378875017166138,11.226618207940074,1.0,0.0,0.6368290596052048,0.04175673797726631,0.46878695487976074,0.0950101986527443,0.39444607496261597,0.9048165137614679,1.0,0.0,0.26493922681971027,0.5
