step,train_step_loss,train_acc,train_loss,val_acc,val_loss,avg_intra_expert_coherence,expert_diversity_e0,expert_diversity_e1,expert_diversity_e2,expert_diversity_e3,expert_diversity_mean,expert_purity_e0,expert_purity_e1,expert_purity_e2,expert_purity_e3,expert_purity_mean,inter_expert_similarity,inter_expert_similarity_e0_e0,inter_expert_similarity_e0_e1,inter_expert_similarity_e0_e2,inter_expert_similarity_e0_e3,inter_expert_similarity_e1_e0,inter_expert_similarity_e1_e1,inter_expert_similarity_e1_e2,inter_expert_similarity_e1_e3,inter_expert_similarity_e2_e0,inter_expert_similarity_e2_e1,inter_expert_similarity_e2_e2,inter_expert_similarity_e2_e3,inter_expert_similarity_e3_e0,inter_expert_similarity_e3_e1,inter_expert_similarity_e3_e2,inter_expert_similarity_e3_e3,intra_expert_coherence_e0,intra_expert_coherence_e1,intra_expert_coherence_e2,intra_expert_coherence_e3,load_cv,load_max_min_ratio,overall_task_conflict_cos,router_entropy,router_load_e0,router_load_e1,router_load_e2,router_load_e3,task_acc__glue_mrpc,task_conflict_t0_t0,task_grad_norm_cv,task_loss__glue_mrpc,utilization_ratio
50.0,0.23142434656620026,0.7505452562704471,0.5516034504601165,0.7573529411764706,0.5784524688497186,1.0,0.0,0.0,0.0,0.0,0.0,1.0,1.0,1.0,1.0,1.0,0.01398168609069139,1.0,0.0,0.08389011654414834,0.0,0.0,1.0,0.0,0.0,0.08389011654414834,0.0,1.0,0.0,0.0,0.0,0.0,1.0,1.0,1.0,1.0,1.0,1.4181623957350726,855946123600.0061,1.0,0.37885892566512613,0.8559461236000061,0.002111113630235195,0.1419425904750824,0.0,0.7573529411764706,1.0,0.0,0.5784524688497186,0.5
100.0,0.6697591841220856,0.8492366412213741,0.33291349448871027,0.8161764705882353,0.3730514568921465,1.0,0.0,0.0,0.0,0.0,0.0,1.0,1.0,1.0,1.0,1.0,0.030199695325343178,1.0,0.0,0.06166695308227259,0.055352114657568674,0.0,1.0,0.0,0.0,0.06166695308227259,0.0,1.0,0.0641791042122178,0.055352114657568674,0.0,0.0641791042122178,1.0,1.0,1.0,1.0,1.0,1.5174171636949279,587.9912104677124,1.0,0.28247013220600053,0.9059712290763855,0.0015407904284074903,0.029282554984092712,0.06320533901453018,0.8161764705882353,1.0,0.0,0.3730514568921465,0.25
150.0,0.3110014647245407,0.8794983642311887,0.3019669164620016,0.8725490196078431,0.3124238340040812,1.0,0.0,0.0,0.0,0.0,0.0,1.0,1.0,1.0,1.0,1.0,-0.011470623385673747,1.0,0.0,-0.0653868452827789,0.034349568071926795,0.0,1.0,0.0,0.0,-0.0653868452827789,0.0,1.0,-0.03778646310319037,0.034349568071926795,0.0,-0.03778646310319037,1.0,1.0,1.0,1.0,1.0,1.0321959872362607,789.1559724269839,1.0,0.5194579777764339,0.67091304063797,0.0008501653210259974,0.08549781888723373,0.24273896217346191,0.8725490196078431,1.0,0.0,0.3124238340040812,0.5
