step,train_step_loss,train_acc,train_loss,val_acc,val_loss,alignment_reward,avg_intra_expert_coherence,expert_diversity_e0,expert_diversity_e1,expert_diversity_e2,expert_diversity_e3,expert_diversity_mean,expert_purity_e0,expert_purity_e1,expert_purity_e2,expert_purity_e3,expert_purity_mean,inter_expert_similarity,inter_expert_similarity_e0_e0,inter_expert_similarity_e0_e1,inter_expert_similarity_e0_e2,inter_expert_similarity_e0_e3,inter_expert_similarity_e1_e0,inter_expert_similarity_e1_e1,inter_expert_similarity_e1_e2,inter_expert_similarity_e1_e3,inter_expert_similarity_e2_e0,inter_expert_similarity_e2_e1,inter_expert_similarity_e2_e2,inter_expert_similarity_e2_e3,inter_expert_similarity_e3_e0,inter_expert_similarity_e3_e1,inter_expert_similarity_e3_e2,inter_expert_similarity_e3_e3,intra_expert_coherence_e0,intra_expert_coherence_e1,intra_expert_coherence_e2,intra_expert_coherence_e3,l_conflict,l_conflict_e0,l_conflict_e1,l_conflict_e2,l_conflict_e3,load_cv,load_max_min_ratio,overall_task_conflict_cos,router_conflict_grad_l2,router_entropy,router_load_e0,router_load_e1,router_load_e2,router_load_e3,task_acc__glue_sst2,task_conflict_t0_t0,task_grad_norm_cv,task_loss__glue_sst2,utilization_ratio
50.0,0.7135248780250549,0.5567102137767221,0.688150536631745,0.5091743119266054,0.693848349831321,7.809603691101074,1.0,0.0,0.0,0.0,0.0,0.0,1.0,1.0,1.0,1.0,1.0,0.005967195487282186,1.0,0.035803172923693116,0.0,0.0,0.035803172923693116,1.0,0.0,0.0,0.0,0.0,1.0,0.0,0.0,0.0,0.0,1.0,1.0,1.0,1.0,1.0,-7.809603691101074,-1.491103172302246,-5.7883172035217285,-0.0,-0.5301834344863892,1.2331579287428687,755117058753.9673,1.0,0.0,0.5566434860229492,0.2448827177286148,0.7551170587539673,0.0,0.0,0.5091743119266054,1.0,0.0,0.693848349831321,0.5
100.0,0.6690687239170074,0.5559679334916865,0.688510487028652,0.5091743119266054,0.6936530888080596,2.7609567642211914,1.0,0.0,0.0,0.0,0.0,0.0,1.0,1.0,1.0,1.0,1.0,0.0018494462685336116,1.0,0.01109667761120167,0.0,0.0,0.01109667761120167,1.0,0.0,0.0,0.0,0.0,1.0,0.0,0.0,0.0,0.0,1.0,1.0,1.0,1.0,1.0,-2.7609567642211914,-0.25302815437316895,-2.5079286098480225,-0.0,-0.0,1.5480794253254622,917814314365.387,1.0,0.0,0.28407561806363796,0.08218575268983841,0.917814314365387,0.0,0.0,0.5091743119266054,1.0,0.0,0.6936530888080596,0.25
150.0,0.6783204674720764,0.561312351543943,0.685630676582137,0.5091743119266054,0.6991824740713293,1.8167818784713745,1.0,0.0,0.0,0.0,0.0,0.0,1.0,1.0,1.0,1.0,1.0,0.003699699013998264,1.0,0.0,0.0,0.0,0.0,1.0,0.022198194083989584,0.0,0.0,0.022198194083989584,1.0,0.0,0.0,0.0,0.0,1.0,1.0,1.0,1.0,1.0,-1.8167818784713745,-0.5917256474494934,-0.6944482326507568,-0.5306079983711243,-0.0,1.5028868637996453,896652340888.977,1.0,0.0,0.33237531753855015,0.0,0.896652340888977,0.10334687680006027,0.0,0.5091743119266054,1.0,0.0,0.6991824740713293,0.25
