step,train_step_loss,train_acc,train_loss,val_acc,val_loss,alignment_reward,avg_intra_expert_coherence,expert_diversity_e0,expert_diversity_e1,expert_diversity_e2,expert_diversity_e3,expert_diversity_mean,expert_purity_e0,expert_purity_e1,expert_purity_e2,expert_purity_e3,expert_purity_mean,inter_expert_similarity,inter_expert_similarity_e0_e0,inter_expert_similarity_e0_e1,inter_expert_similarity_e0_e2,inter_expert_similarity_e0_e3,inter_expert_similarity_e1_e0,inter_expert_similarity_e1_e1,inter_expert_similarity_e1_e2,inter_expert_similarity_e1_e3,inter_expert_similarity_e2_e0,inter_expert_similarity_e2_e1,inter_expert_similarity_e2_e2,inter_expert_similarity_e2_e3,inter_expert_similarity_e3_e0,inter_expert_similarity_e3_e1,inter_expert_similarity_e3_e2,inter_expert_similarity_e3_e3,intra_expert_coherence_e0,intra_expert_coherence_e1,intra_expert_coherence_e2,intra_expert_coherence_e3,l_conflict,l_conflict_e0,l_conflict_e1,l_conflict_e2,l_conflict_e3,load_cv,load_max_min_ratio,overall_task_conflict_cos,router_conflict_grad_l2,router_entropy,router_load_e0,router_load_e1,router_load_e2,router_load_e3,task_acc__glue_mrpc,task_conflict_t0_t0,task_grad_norm_cv,task_loss__glue_mrpc,utilization_ratio
50.0,0.5127311050891876,0.7017448200654307,0.5745110453470893,0.696078431372549,0.5684043954198177,0.6618096828460693,1.0,0.0,0.0,0.0,0.0,0.0,1.0,1.0,1.0,1.0,1.0,-0.010307663332857354,1.0,0.0,0.0,0.0,0.0,1.0,-0.06706125974134014,0.0029782721999874412,0.0,-0.06706125974134014,1.0,0.0022370075442085654,0.0,0.0029782721999874412,0.0022370075442085654,1.0,1.0,1.0,1.0,1.0,-0.6618096828460693,-0.0,-0.2774396538734436,-0.03723051771521568,-0.3471395671367645,0.9094634652137756,44.79067520985409,1.0,0.0,0.6882984404470406,0.011824037879705429,0.4177190065383911,0.04085027053952217,0.5296066403388977,0.696078431372549,1.0,0.0,0.5684043954198177,0.5
100.0,0.568100094795227,0.6387677208287895,0.5825450803274693,0.6274509803921569,0.5871948112662022,0.8482315540313721,1.0,0.0,0.0,0.0,0.0,0.0,1.0,1.0,1.0,1.0,1.0,0.001979150640809703,1.0,0.0,0.0,0.0,0.0,1.0,-0.02135987842078852,0.060955773059702345,0.0,-0.02135987842078852,1.0,-0.027720990794055607,0.0,0.060955773059702345,-0.027720990794055607,1.0,1.0,1.0,1.0,1.0,-0.8482315540313721,-0.0,-0.14345106482505798,-0.1566232591867447,-0.548157274723053,0.9542677402496338,642771244049.0723,1.0,0.0,0.6448290651919795,0.0,0.15996427834033966,0.19726446270942688,0.6427712440490723,0.6274509803921569,1.0,0.0,0.5871948112662022,0.75
150.0,0.5504951477050781,0.79907306434024,0.4779784223307734,0.7794117647058824,0.4906104625417636,0.8300257325172424,1.0,0.0,0.0,0.0,0.0,0.0,1.0,1.0,1.0,1.0,1.0,0.002931715308459546,1.0,0.0,0.0,0.0,0.0,1.0,0.004444027205532487,-0.008415114321049367,0.0,0.004444027205532487,1.0,0.021561378966274157,0.0,-0.008415114321049367,0.021561378966274157,1.0,1.0,1.0,1.0,1.0,-0.8300257325172424,-0.0,-0.34446901082992554,-0.037505101412534714,-0.44805166125297546,0.9204660058021545,561316251754.7607,1.0,0.0,0.6796525027237686,0.0,0.3782707154750824,0.06041302531957626,0.5613162517547607,0.7794117647058824,1.0,0.0,0.4906104625417636,0.5
