step,train_step_loss,train_acc,train_loss,val_acc,val_loss,avg_intra_expert_coherence,expert_diversity_e0,expert_diversity_e1,expert_diversity_e2,expert_diversity_e3,expert_diversity_mean,expert_purity_e0,expert_purity_e1,expert_purity_e2,expert_purity_e3,expert_purity_mean,inter_expert_similarity,inter_expert_similarity_e0_e0,inter_expert_similarity_e0_e1,inter_expert_similarity_e0_e2,inter_expert_similarity_e0_e3,inter_expert_similarity_e1_e0,inter_expert_similarity_e1_e1,inter_expert_similarity_e1_e2,inter_expert_similarity_e1_e3,inter_expert_similarity_e2_e0,inter_expert_similarity_e2_e1,inter_expert_similarity_e2_e2,inter_expert_similarity_e2_e3,inter_expert_similarity_e3_e0,inter_expert_similarity_e3_e1,inter_expert_similarity_e3_e2,inter_expert_similarity_e3_e3,intra_expert_coherence_e0,intra_expert_coherence_e1,intra_expert_coherence_e2,intra_expert_coherence_e3,load_cv,load_max_min_ratio,overall_task_conflict_cos,router_entropy,router_load_e0,router_load_e1,router_load_e2,router_load_e3,task_acc__glue_mrpc,task_conflict_t0_t0,task_grad_norm_cv,task_loss__glue_mrpc,utilization_ratio
50.0,0.5231418609619141,0.7396401308615049,0.5415762318217237,0.7475490196078431,0.5386849934091935,1.0,0.0,0.0,0.0,0.0,0.0,1.0,1.0,1.0,1.0,1.0,0.003954688355380127,1.0,0.02372813013228076,0.0,0.0,0.02372813013228076,1.0,0.0,0.0,0.0,0.0,1.0,0.0,0.0,0.0,0.0,1.0,1.0,1.0,1.0,1.0,1.3371940061085232,813864469528.1982,1.0,0.46991479747435627,0.8138644695281982,0.1861354261636734,0.0,0.0,0.7475490196078431,1.0,0.0,0.5386849934091935,0.5
100.0,0.31158625334501266,0.8132497273718647,0.37459042266659115,0.7794117647058824,0.43173819013799614,1.0,0.0,0.0,0.0,0.0,0.0,1.0,1.0,1.0,1.0,1.0,0.012620834260716604,1.0,0.0,0.01614268645621123,0.021241472193362042,0.0,1.0,0.0,0.0,0.01614268645621123,0.0,1.0,0.03834084691472635,0.021241472193362042,0.0,0.03834084691472635,1.0,1.0,1.0,1.0,1.0,1.6658500034630304,497.1512854403368,1.0,0.12986167184278077,0.9712187647819519,0.0019535678438842297,0.005219085607677698,0.021608471870422363,0.7794117647058824,1.0,0.0,0.43173819013799614,0.25
150.0,0.7073648869991302,0.8748636859323882,0.2977825515903533,0.8553921568627451,0.33074063822053945,1.0,0.0,0.0,0.0,0.0,0.0,1.0,1.0,1.0,1.0,1.0,-0.02192846792036127,1.0,0.02834974742109592,-0.0037653952436453733,-0.0390739918035964,0.02834974742109592,1.0,0.03678613179870488,-0.10169723683059818,-0.0037653952436453733,0.03678613179870488,1.0,-0.05217006286412847,-0.0390739918035964,-0.10169723683059818,-0.05217006286412847,1.0,1.0,1.0,1.0,1.0,1.6504184424378345,2932.6532642208967,1.0,0.15214562269986845,0.9643759727478027,0.004871124401688576,0.030424119904637337,0.0003288407751824707,0.8553921568627451,1.0,0.0,0.33074063822053945,0.25
